1.390228512002770231e+03
1.605090000046828891e+03
2.546347953119920476e+03
1.985436829185123770e+03
3.248450983480321156e+03
2.650057264952643891e+03
3.032081155675406080e+03
2.083272293996599274e+03
2.242176567432338743e+03
1.967806139296072843e+03
2.805531806099407731e+03
2.311663005904805686e+03
2.561285465017704155e+03
2.720267801717179282e+03
2.183294388722465555e+03
2.265117851183594667e+03
2.418725218705978932e+03
2.740821722976288584e+03
2.415953207827380083e+03
2.519808180264151815e+03
2.439764756226253212e+03
2.313133815359336040e+03
1.227579386216007151e+03
2.360376411019503394e+03
2.590081021804600823e+03
2.800939759964083350e+03
2.460163849665576436e+03
2.792518440170009399e+03
3.074655478277653401e+03
2.874158453982270657e+03
2.609681112424922958e+03
2.365776918488287265e+03
2.783326664682089813e+03
2.165542641547745916e+03
2.820036587528278687e+03
2.431856493759994919e+03
2.740762274178177904e+03
2.661485684990437676e+03
2.723695058642531876e+03
2.285749396416654236e+03
2.510631912199170074e+03
2.180422644479889186e+03
2.433031040246849898e+03
2.067300523408594017e+03
2.816244600398168586e+03
2.629510019564076174e+03
2.190968958168123208e+03
2.994805537540265505e+03
2.426897177913622272e+03
1.515136976974344634e+03
2.478809687363557714e+03
2.386617063907968259e+03
2.720540857564245471e+03
2.596392567990194038e+03
2.787580245793625181e+03
2.402772241405759360e+03
2.688051420046002931e+03
2.348933702555298623e+03
2.790597385004975877e+03
2.555077718191285385e+03
2.462160776187716237e+03
2.451071677246568470e+03
1.860779073672444383e+03
2.654200771888348754e+03
2.213513676587836926e+03
2.995073404731240771e+03
2.833719030278614810e+03
1.881584074085428938e+03
2.594835016701865243e+03
3.156315725263204513e+03
2.008288841953649353e+03
2.581710021415458414e+03
2.225352532238204276e+03
2.817319906459812955e+03
2.851512310067570979e+03
2.448633835847197133e+03
2.658371857310827181e+03
2.325457256573128689e+03
2.194993706914358881e+03
2.366647630008708802e+03
2.917120132086348349e+03
2.655826326914730089e+03
2.535756629021581375e+03
3.021843648762574048e+03
2.325045309358797113e+03
2.421138498157450613e+03
2.027408268880234573e+03
3.471130839804912284e+03
2.993587260190687630e+03
2.766752969942690925e+03
3.067190471311253532e+03
1.938082168881436019e+03
2.368084355107615920e+03
2.205406373332674775e+03
2.107117343923927365e+03
2.417397869570932926e+03
2.622826011337542695e+03
2.853617721673399501e+03
1.904337350848265714e+03
2.775966641786626496e+03
