3.003724443031326246e+03
2.438079615019872108e+03
2.652795594063212775e+03
2.409571730926217242e+03
2.788831302715454967e+03
2.635106703847673998e+03
2.044434848327643977e+03
3.138749777507527142e+03
2.646366931237622339e+03
2.818122808948961847e+03
3.236820096865857977e+03
3.206416175272700912e+03
2.586612228361664165e+03
4.044183262281644602e+03
3.019254702294574145e+03
3.106658746734625765e+03
2.378346657429915012e+03
2.556558563847701407e+03
2.168401253663062562e+03
2.471059887135521421e+03
2.535402317126876369e+03
2.909229583916986485e+03
2.458955018972366815e+03
2.177169969863346523e+03
3.270562174260769552e+03
3.620476346625924634e+03
3.562397041655940939e+03
3.795855810897839547e+03
3.160107160660098998e+03
2.947595274085456367e+03
3.559913951502818236e+03
2.998082785515282012e+03
2.480479790217900245e+03
3.646532949385044503e+03
2.774850714371577851e+03
2.178055720463526086e+03
3.227004508829022598e+03
2.806832690411415570e+03
3.625511395347009966e+03
2.911062800260554013e+03
3.305778199316633163e+03
2.967225994994728353e+03
2.260638516368480850e+03
3.534106293212109449e+03
2.778065392220345529e+03
2.449760301255594641e+03
3.072628002195044246e+03
2.988497266009546365e+03
3.792359692873838867e+03
3.657622678071234077e+03
2.657831099305133648e+03
3.226246222991115246e+03
2.641789660657157128e+03
2.284574744283497239e+03
2.328821421882190407e+03
2.855431054868387037e+03
2.803360761475893923e+03
3.319512260807059647e+03
2.581173677937971661e+03
3.328355498384270504e+03
2.512551922566739904e+03
2.792453960586275116e+03
2.178444525969968709e+03
2.740755255785340069e+03
3.285274962116958250e+03
2.658413179432114248e+03
2.674540462655645570e+03
2.146887390384733862e+03
3.142732377646003897e+03
2.973465343577703607e+03
3.500778881118323170e+03
2.072385470430297573e+03
2.789575032317874502e+03
2.772030748630429116e+03
3.748656152660682892e+03
3.388400411634225748e+03
3.963467349354527869e+03
2.021818090763634700e+03
2.317623899299451750e+03
3.219606957681044150e+03
2.693256653815243681e+03
3.420527845420742779e+03
3.871574537490758757e+03
3.098175650622234571e+03
1.981544833685813728e+03
2.166333871191275193e+03
3.210370623402154706e+03
2.153881696468698010e+03
2.265258537496936697e+03
3.069042143097466123e+03
2.990205770417319854e+03
2.798899087712000437e+03
2.639094165838261233e+03
3.328269479568500174e+03
2.366216138973793022e+03
3.274683042840064900e+03
3.007188358052094827e+03
3.373678152965401750e+03
3.036705203401159451e+03
4.016168430659295154e+03
